<?xml version="1.0"?>
<opencv_storage>
<calibration_time>"Thu Dec 22 12:39:57 2022"</calibration_time>
<nr_of_frames>16</nr_of_frames>
<image_width>1920</image_width>
<image_height>1080</image_height>
<board_width>7</board_width>
<board_height>7</board_height>
<square_size>1.</square_size>
<fix_aspect_ratio>1.</fix_aspect_ratio>
<!-- flags: +fix_aspectRatio +fix_principal_point +zero_tangent_dist +fix_k4 +fix_k5 -->
<flags>6158</flags>
<fisheye_model>0</fisheye_model>
<camera_matrix type_id="opencv-matrix">
  <rows>3</rows>
  <cols>3</cols>
  <dt>d</dt>
  <data>
    1.7039940543172036e+03 0. 9.5950000000000000e+02 0.
    1.7039940543172036e+03 5.3950000000000000e+02 0. 0. 1.</data></camera_matrix>
<distortion_coefficients type_id="opencv-matrix">
  <rows>5</rows>
  <cols>1</cols>
  <dt>d</dt>
  <data>
    1.0850362700126798e-01 -6.3809660084095887e-01 0. 0.
    8.8167944235304774e-01</data></distortion_coefficients>
<avg_reprojection_error>1.7287764558579095e+00</avg_reprojection_error>
<per_view_reprojection_errors type_id="opencv-matrix">
  <rows>16</rows>
  <cols>1</cols>
  <dt>f</dt>
  <data>
    1.74072874e+00 1.87537956e+00 1.59347677e+00 1.63942671e+00
    1.66977501e+00 1.77180195e+00 1.80968761e+00 1.62682557e+00
    1.80990827e+00 1.91844380e+00 1.64076185e+00 1.61862004e+00
    1.53949940e+00 1.59715700e+00 1.84963143e+00 1.89349532e+00</data></per_view_reprojection_errors>
<!-- a set of 6-tuples (rotation vector + translation vector) for each view -->
<extrinsic_parameters type_id="opencv-matrix">
  <rows>16</rows>
  <cols>6</cols>
  <dt>d</dt>
  <data>
    -2.8707629278605507e-01 -2.1463382708984310e-01
    -4.1871583785087499e-02 -6.1066511981109564e+00
    -3.1424701459818132e+00 1.4547392315625736e+01
    -3.4940280722857742e-01 -2.7146925508419634e-01
    4.0401353335470389e-02 -4.5537663171312266e+00
    -3.3949672698862865e+00 1.5051918353841440e+01
    -3.2226808458560480e-01 -2.5267716200952939e-01
    -3.6433214804917562e-02 -6.2233731404300459e+00
    -3.0661728145171363e+00 1.4725300540736390e+01
    -3.3165361544321242e-01 -8.3037783902415091e-02
    -3.3924369842485472e-03 -3.8800121226592812e+00
    -3.2594313427741786e+00 1.5124487391048920e+01
    -1.8590979679318750e-01 -7.7258546335836550e-02
    9.8741090713264836e-03 -3.2675813213893230e+00
    -3.3317694294338396e+00 1.4455035336408871e+01
    -2.1683663418190671e-01 1.5876620936102787e-02
    4.0053157714516105e-02 -1.1202952505016857e+00
    -3.3915737009971392e+00 1.4518990367106889e+01
    -2.5615163143696718e-01 1.0087477232870681e-01
    5.3170977108642554e-02 -5.1163772622845127e-01
    -3.3787052741024888e+00 1.4341779863702447e+01
    -2.8468972486556954e-01 5.1955230675084535e-02
    2.3693521298470972e-02 -1.0817709900924077e+00
    -3.1629627176032238e+00 1.5043783042197106e+01
    -2.7366210269657387e-01 2.4814153521589034e-02
    1.7047448687012114e-02 -2.9695986919070121e+00
    -3.2533150117524068e+00 1.4685471569529577e+01
    -1.9035080181422551e-01 2.5363468989831439e-01
    1.5690083122587593e+00 1.7860828179641211e+00
    -3.2709758161840070e+00 1.4387042452271611e+01
    -2.8085291009551527e-01 -1.4572327161275682e-03
    8.5122529184061164e-03 -3.5667444798794414e+00
    -3.1821188410669463e+00 1.4952749960499199e+01
    -1.2616547973409939e-01 2.5519793446045497e-01
    1.5690054659139998e+00 2.7611914151682120e+00
    -3.2275846027902864e+00 1.3974261529356252e+01
    -2.8406697619201360e-01 -5.8708123793831682e-02
    1.4130537465383397e-02 -3.6655122382295304e+00
    -3.5203289177166139e+00 1.5172005021349349e+01
    -2.0557587509219732e-01 -7.7932760996118122e-02
    -9.8126793579163714e-03 -5.2295068254458181e+00
    -3.1688350591602865e+00 1.4442423251401163e+01
    -2.6423962326848188e-01 5.4424467445884840e-02
    3.5480822057062739e-02 -1.5339056191319964e+00
    -3.3327108394427052e+00 1.4950634371611464e+01
    -2.7988532067503807e-01 1.0664993003434538e-01
    4.6817226183887055e-02 -7.0997019749158818e-01
    -3.4311122144980066e+00 1.4672985358094991e+01</data></extrinsic_parameters>
