<?xml version="1.0"?>
<opencv_storage>
<calibration_time>"Thu Nov 10 09:32:27 2022"</calibration_time>
<nr_of_frames>13</nr_of_frames>
<image_width>1280</image_width>
<image_height>800</image_height>
<board_width>7</board_width>
<board_height>7</board_height>
<square_size>1.</square_size>
<fix_aspect_ratio>1.</fix_aspect_ratio>
<!-- flags: +fix_aspectRatio +fix_principal_point +zero_tangent_dist +fix_k4 +fix_k5 -->
<flags>6158</flags>
<fisheye_model>0</fisheye_model>
<camera_matrix type_id="opencv-matrix">
  <rows>3</rows>
  <cols>3</cols>
  <dt>d</dt>
  <data>
    1.1449297728909708e+03 0. 6.3950000000000000e+02 0.
    1.1449297728909708e+03 3.9950000000000000e+02 0. 0. 1.</data></camera_matrix>
<distortion_coefficients type_id="opencv-matrix">
  <rows>5</rows>
  <cols>1</cols>
  <dt>d</dt>
  <data>
    -4.6114705435713005e-01 9.8967543464882485e-02 0. 0.
    2.3598884818691687e-01</data></distortion_coefficients>
<avg_reprojection_error>3.8272441263389717e-01</avg_reprojection_error>
<per_view_reprojection_errors type_id="opencv-matrix">
  <rows>13</rows>
  <cols>1</cols>
  <dt>f</dt>
  <data>
    3.71501207e-01 3.33968312e-01 3.52390081e-01 4.01710600e-01
    5.03272891e-01 4.12914515e-01 4.31849003e-01 3.60024631e-01
    4.08014774e-01 3.51624012e-01 3.07972789e-01 3.57176840e-01
    3.41590643e-01</data></per_view_reprojection_errors>
<!-- a set of 6-tuples (rotation vector + translation vector) for each view -->
<extrinsic_parameters type_id="opencv-matrix">
  <rows>13</rows>
  <cols>6</cols>
  <dt>d</dt>
  <data>
    -2.2464595749183100e-01 -3.7136843840913848e-02
    -6.8722706652314799e-03 2.9754395688268337e-01
    -3.1465359241302449e+00 1.3448117018391194e+01
    -2.1738909281464319e-01 7.2484090811757565e-02
    -3.5185659562290680e-02 1.5387972257084043e-01
    -2.7921545242536632e+00 1.3856318356759262e+01
    -1.1456590745351680e-01 8.8833947967651428e-02
    3.6522856653071387e-03 1.0110556713086859e-01
    -3.4898506774126132e+00 1.2252750806350972e+01
    -1.5722634829051607e-01 5.8624497380467024e-02
    -2.1894093119429889e-02 -1.3366528697281927e+00
    -3.1814320689068212e+00 1.2168068905510331e+01
    -1.7287205500436867e-01 2.1943971878880374e-02
    -2.4389380707569491e-02 -3.1850228355002530e+00
    -3.0228105271510652e+00 1.1884406464653582e+01
    -1.7557822510075452e-01 4.9067796405525270e-02
    -1.4284081833992612e-02 -1.8487719574567825e+00
    -3.4377696720710085e+00 1.2182810799958695e+01
    -8.6161137004452659e-03 2.1677090028929066e-01
    1.5056161170078999e+00 5.0378686888002973e+00
    -2.9433800211043626e+00 1.1638843414596646e+01
    -5.8021391658112015e-02 8.8103938787585892e-02
    -1.8098715478051741e-03 -9.7846905915647009e-01
    -3.3514939327972328e+00 1.1990957359283756e+01
    -7.3623174221216711e-02 8.9849083634537627e-02
    -2.0427801470816836e-02 -1.0471587450080346e+00
    -2.7415718806383387e+00 1.2433947371839183e+01
    -1.0676476209357964e-01 5.9374203999859439e-02
    -6.6386635347077940e-03 -5.5176016502352476e-01
    -3.0755057672990254e+00 1.2536810713029483e+01
    -1.1891654857822505e-01 1.0648654387464447e-01
    -2.4776571912001510e-02 -4.7173132037499133e-01
    -2.9935916351006524e+00 1.4007152589852662e+01
    -1.4983738409733541e-01 9.3268625074584124e-02
    -9.9284815554330861e-03 -9.0673299674913788e-01
    -3.0927752216090907e+00 1.3162777589159155e+01
    -1.7120487327082029e-01 1.2412103097453618e-01
    -1.1376376853401645e-02 -6.4617436393409089e-01
    -2.7172819882250590e+00 1.4293732556709438e+01</data></extrinsic_parameters>
<image_points type_id="opencv-matrix">
  <rows>13</rows>
  <cols>49</cols>
  <dt>"2f"</dt>
  <data>
    6.64151917e+02 1.38685165e+02 7.46864685e+02 1.39818985e+02
    8.26963135e+02 1.42282288e+02 9.03951233e+02 1.46276306e+02
    9.76970520e+02 1.51394577e+02 1.04515564e+03 1.57448334e+02
    1.10767090e+03 1.64429932e+02 6.66061646e+02 2.14285767e+02
    7.50695557e+02 2.14516846e+02 8.33305908e+02 2.16631699e+02
    9.12030090e+02 2.19619858e+02 9.86683411e+02 2.23232056e+02
    1.05636658e+03 2.27787750e+02 1.12009009e+03 2.33111832e+02
    6.67592834e+02 2.95436554e+02 7.54481018e+02 2.95180878e+02
    8.38840637e+02 2.95962463e+02 9.19515381e+02 2.97808380e+02
    9.95674316e+02 2.99912842e+02 1.06629993e+03 3.02094299e+02
    1.13079260e+03 3.05348297e+02 6.68892883e+02 3.80035095e+02
    7.57666992e+02 3.79653931e+02 8.43839966e+02 3.79675629e+02
    9.25884277e+02 3.79805481e+02 1.00327222e+03 3.80078674e+02
    1.07481787e+03 3.80148743e+02 1.13980664e+03 3.80970062e+02
    6.70296936e+02 4.68140411e+02 7.60552795e+02 4.67183197e+02
    8.48010925e+02 4.65984802e+02 9.31030334e+02 4.64186768e+02
    1.00951294e+03 4.62643585e+02 1.08158386e+03 4.60556702e+02
    1.14709680e+03 4.58607452e+02 6.71311707e+02 5.58491821e+02
    7.62946289e+02 5.56921204e+02 8.50696655e+02 5.54232422e+02
    9.35138123e+02 5.50967163e+02 1.01362048e+03 5.46794983e+02
    1.08650073e+03 5.42386047e+02 1.15223120e+03 5.37835632e+02
    6.72662903e+02 6.49243408e+02 7.64111633e+02 6.46725220e+02
    8.52753845e+02 6.43291382e+02 9.36758423e+02 6.37809570e+02
    1.01601532e+03 6.31518311e+02 1.08822656e+03 6.24481445e+02
    1.15480579e+03 6.17234863e+02 6.52083435e+02 1.73261108e+02
    7.33159729e+02 1.69064728e+02 8.13311707e+02 1.66172394e+02
    8.91711975e+02 1.65160751e+02 9.66793152e+02 1.65128021e+02
    1.03843018e+03 1.66023071e+02 1.10481653e+03 1.68460388e+02
    6.54507446e+02 2.48605515e+02 7.37334839e+02 2.44443069e+02
    8.20150513e+02 2.41312714e+02 9.00345764e+02 2.39538864e+02
    9.77601929e+02 2.38290970e+02 1.05044031e+03 2.37842514e+02
    1.11811890e+03 2.38629166e+02 6.57613281e+02 3.28348145e+02
    7.42023682e+02 3.24373383e+02 8.26461121e+02 3.20991028e+02
    9.08231018e+02 3.17987701e+02 9.86898865e+02 3.16127380e+02
    1.06110547e+03 3.13779236e+02 1.12969531e+03 3.13030518e+02
    6.59958252e+02 4.11293121e+02 7.46590942e+02 4.07392059e+02
    8.31963501e+02 4.04120697e+02 9.15440674e+02 4.00451630e+02
    9.94914063e+02 3.96536957e+02 1.07031384e+03 3.93079498e+02
    1.13966431e+03 3.90388184e+02 6.62583191e+02 4.97334991e+02
    7.50087036e+02 4.93552277e+02 8.37062988e+02 4.89084412e+02
    9.21313660e+02 4.84431458e+02 1.00183594e+03 4.79637695e+02
    1.07743323e+03 4.74370758e+02 1.14723438e+03 4.69262329e+02
    6.64892517e+02 5.84526733e+02 7.53443176e+02 5.80747009e+02
    8.40792725e+02 5.76191589e+02 9.26031128e+02 5.70564941e+02
    1.00672522e+03 5.63874756e+02 1.08291699e+03 5.57187317e+02
    1.15284680e+03 5.49297546e+02 6.67451782e+02 6.70948242e+02
    7.55709900e+02 6.67462524e+02 8.43529907e+02 6.62494507e+02
    9.28485046e+02 6.55905334e+02 1.00983575e+03 6.48147461e+02
    1.08583801e+03 6.38972961e+02 1.15614209e+03 6.29270325e+02
    6.48607849e+02 8.55609055e+01 7.38633545e+02 8.39506378e+01
    8.27898315e+02 8.46165543e+01 9.15101196e+02 8.76656494e+01
    9.98362000e+02 9.25048294e+01 1.07683850e+03 9.86329575e+01
    1.14876501e+03 1.06680222e+02 6.48097900e+02 1.69001801e+02
    7.40458191e+02 1.67442932e+02 8.32441833e+02 1.68212723e+02
    9.21785339e+02 1.70406570e+02 1.00721765e+03 1.73969788e+02
    1.08707092e+03 1.78584732e+02 1.16044177e+03 1.84842102e+02
    6.47417786e+02 2.57821442e+02 7.42070923e+02 2.56741455e+02
    8.35452454e+02 2.57324371e+02 9.27120667e+02 2.58693024e+02
    1.01396521e+03 2.61005035e+02 1.09532227e+03 2.63667145e+02
    1.16965771e+03 2.67432922e+02 6.46782471e+02 3.50616852e+02
    7.42674255e+02 3.50487061e+02 8.37878235e+02 3.50397156e+02
    9.30952087e+02 3.50971497e+02 1.01894501e+03 3.51486755e+02
    1.10137500e+03 3.52206879e+02 1.17631799e+03 3.53727783e+02
    6.46056274e+02 4.46408722e+02 7.42756165e+02 4.46342804e+02
    8.39223389e+02 4.46294830e+02 9.32822144e+02 4.45484741e+02
    1.02172699e+03 4.44418427e+02 1.10460059e+03 4.43363190e+02
    1.18016174e+03 4.41917236e+02 6.44852478e+02 5.42944824e+02
