<?xml version="1.0"?>
<opencv_storage>
	<images>
		images-1080P/image2164.png
		images-1080P/image2519.png
		images-1080P/image2808.png
		images-1080P/image3096.png
		images-1080P/image3462.png
		images-1080P/image4185.png
		images-1080P/image4929.png
		images-1080P/image5063.png
		images-1080P/image5339.png
		images-1080P/image5499.png
		images-1080P/image6483.png
		images-1080P/image6953.png
		images-1080P/image7265.png
		images-1080P/image7805.png
		images-1080P/image8023.png
		images-1080P/image8500.png
	</images>
</opencv_storage>